%YAML:1.0
calibration_time: "2018年01月26日 星期五 11时33分43秒"
nframes: 10
image_width: 640
image_height: 480
board_width: 10
board_height: 10
square_size: 5.0000000745058060e-02
aspectRatio: 1.
flags: 2
camera_matrix: !!opencv-matrix
   rows: 3
   cols: 3
   dt: d
   data: [ 4.9964102048835457e+03, 0., 2.8189475165101618e+02, 0.,
       4.9964102048835457e+03, 3.1221061796777735e+02, 0., 0., 1. ]
distortion_coefficients: !!opencv-matrix
   rows: 5
   cols: 1
   dt: d
   data: [ -1.3422676493327236e+01, 3.8372675697643592e+02,
       -2.8043887222159558e-01, 1.2157702453635953e-01,
       1.2498669235893431e+00 ]
avg_reprojection_error: 4.3293967094080432e-01
per_view_reprojection_errors: !!opencv-matrix
   rows: 10
   cols: 1
   dt: f
   data: [ 5.00523090e-01, 5.16591966e-01, 5.20859599e-01,
       4.77043718e-01, 3.92290831e-01, 3.76024127e-01, 2.82432556e-01,
       3.14964265e-01, 4.03445572e-01, 4.70198154e-01 ]
extrinsic_parameters: !!opencv-matrix
   rows: 10
   cols: 6
   dt: d
   data: [ 6.9628618030939407e-02, 8.4676708447585708e-02,
       6.8022706812092062e-02, -2.9209784925619342e-01,
       -3.9934801891927357e-01, 1.3340630572663073e+01,
       6.8975992117834423e-02, 6.7231811420871271e-02,
       7.2066732910179510e-02, -3.0086396369737339e-01,
       -4.1584689387850188e-01, 1.3335190818378505e+01,
       6.5228255182542924e-02, 8.9810487359771943e-02,
       6.3791538934466721e-02, -2.6144160768187796e-01,
       -3.8634174555328576e-01, 1.3333742645489792e+01,
       5.7572949539354032e-02, 1.0301286979676730e-01,
       3.4956897996077402e-02, -2.7576849594436836e-01,
       -3.5985297518765391e-01, 1.3346465852333944e+01,
       -5.6373881892454063e-02, 1.1023872507712938e-02,
       1.5783806014481258e-01, -3.6293135484087230e-01,
       -4.3473128749069728e-01, 1.3325694599698917e+01,
       1.2272835882115619e-01, 1.8310809771417541e-01,
       -1.5753735538490499e-01, -1.0006304345778791e-01,
       -3.8927143108380419e-01, 1.3349751082283401e+01,
       1.9882206396354166e-01, 1.9406968699403341e-02,
       1.4511710296926783e+00, 2.2519179563521283e-01,
       -4.4785782689198445e-01, 1.3345393311832096e+01,
       1.0432077959245588e-01, 1.3771765919704421e-01,
       -1.1142325833402973e-01, -2.4956591117679505e-01,
       -3.8798919563199796e-01, 1.3432313206859599e+01,
       1.6964490019340472e-01, 3.5367949034890447e-02,
       1.0768513231519272e-01, -3.1513365677171457e-01,
       -5.8029153796845678e-01, 1.3375287084762736e+01,
       9.8365831118513575e-02, 8.5848694173300807e-02,
       5.6211858923358622e-02, -3.0591530623028557e-01,
       -4.6255333823006939e-01, 1.3424397186919739e+01 ]
image_points: !!opencv-matrix
   rows: 10
   cols: 100
   dt: "2f"
   data: [ 1.74537445e+02, 1.61639679e+02, 1.92543472e+02,
       1.63402664e+02, 2.10537079e+02, 1.63584534e+02, 2.28557419e+02,
       1.65399841e+02, 2.47039734e+02, 1.65541992e+02, 2.66275848e+02,
       1.67654205e+02, 2.84471283e+02, 1.68415588e+02, 3.03412292e+02,
       1.69372192e+02, 3.22542236e+02, 1.71526703e+02, 3.40594849e+02,
       1.72681046e+02, 1.72612686e+02, 1.80489502e+02, 1.90465973e+02,
       1.81558365e+02, 2.08738235e+02, 1.82814713e+02, 2.27428558e+02,
       1.83580872e+02, 2.46409546e+02, 1.85367935e+02, 2.64480225e+02,
       1.85672470e+02, 2.83150543e+02, 1.87582840e+02, 3.02568512e+02,
       1.89040482e+02, 3.20548401e+02, 1.89570343e+02, 3.40221924e+02,
       1.91542572e+02, 1.71378250e+02, 1.99561996e+02, 1.89524689e+02,
       1.99986465e+02, 2.08154861e+02, 2.01569473e+02, 2.26502441e+02,
       2.02731049e+02, 2.44479019e+02, 2.03630493e+02, 2.62887238e+02,
       2.05542969e+02, 2.82475891e+02, 2.06267639e+02, 3.00525299e+02,
       2.07528870e+02, 3.19624084e+02, 2.09443466e+02, 3.38532440e+02,
       2.10134430e+02, 1.70527817e+02, 2.17592346e+02, 1.88579498e+02,
       2.19551041e+02, 2.06519241e+02, 2.19955139e+02, 2.24459244e+02,
       2.21506790e+02, 2.43021423e+02, 2.23282242e+02, 2.62534576e+02,
       2.23675766e+02, 2.80509979e+02, 2.25585190e+02, 2.99489624e+02,
       2.27112427e+02, 3.18551727e+02, 2.27578903e+02, 3.36686096e+02,
       2.29505127e+02, 1.68552109e+02, 2.36789017e+02, 1.86592621e+02,
       2.37525879e+02, 2.04700348e+02, 2.39572403e+02, 2.23630280e+02,
       2.40509811e+02, 2.42598297e+02, 2.41565430e+02, 2.60469940e+02,
       2.43630142e+02, 2.79372864e+02, 2.44361847e+02, 2.98577911e+02,
       2.45497849e+02, 3.16536591e+02, 2.47385788e+02, 3.36360779e+02,
       2.47984100e+02, 1.68204056e+02, 2.55617020e+02, 1.86249451e+02,
       2.57222321e+02, 2.04377457e+02, 2.57623047e+02, 2.22522995e+02,
       2.59626770e+02, 2.40560226e+02, 2.60895172e+02, 2.59578033e+02,
       2.61549683e+02, 2.78513702e+02, 2.63580811e+02, 2.96518036e+02,
       2.64924377e+02, 3.15945618e+02, 2.65508118e+02, 3.34490662e+02,
       2.67565033e+02, 1.66510193e+02, 2.73671417e+02, 1.84462830e+02,
       2.75547089e+02, 2.02538742e+02, 2.77242462e+02, 2.20793091e+02,
       2.77723602e+02, 2.40054611e+02, 2.79526245e+02, 2.58511963e+02,
       2.81489380e+02, 2.76411896e+02, 2.81717865e+02, 2.95735535e+02,
       2.83543732e+02, 3.14593353e+02, 2.85277069e+02, 3.33036285e+02,
       2.85608368e+02, 1.66254105e+02, 2.92795105e+02, 1.84218399e+02,
       2.93733002e+02, 2.02354523e+02, 2.95493042e+02, 2.20497345e+02,
       2.97433990e+02, 2.38495651e+02, 2.98206238e+02, 2.56644836e+02,
       2.99583252e+02, 2.75811432e+02, 3.01560944e+02, 2.94535706e+02,
       3.02184540e+02, 3.12586731e+02, 3.03533722e+02, 3.32377258e+02,
       3.05281128e+02, 1.64603088e+02, 3.11344879e+02, 1.82535049e+02,
       3.12659210e+02, 2.00551712e+02, 3.13621796e+02, 2.18691025e+02,
       3.15527405e+02, 2.37426483e+02, 3.17466370e+02, 2.56386169e+02,
       3.18402649e+02, 2.74516602e+02, 3.19479950e+02, 2.92594147e+02,
       3.21569366e+02, 3.11798981e+02, 3.21687042e+02, 3.30522400e+02,
       3.23689087e+02, 1.64487869e+02, 3.29493042e+02, 1.82540054e+02,
       3.31370972e+02, 2.00458557e+02, 3.32532410e+02, 2.18601379e+02,
       3.33625275e+02, 2.36493393e+02, 3.35606049e+02, 2.54480774e+02,
       3.37184082e+02, 2.72794220e+02, 3.37663574e+02, 2.92207428e+02,
       3.39678528e+02, 3.10588470e+02, 3.40649078e+02, 3.28578735e+02,
       3.41418854e+02, 1.70672760e+02, 1.55477036e+02, 1.88701019e+02,
       1.56924179e+02, 2.07265289e+02, 1.57509155e+02, 2.25684082e+02,
       1.59289536e+02, 2.44605255e+02, 1.59620880e+02, 2.62462799e+02,
       1.61625732e+02, 2.81588715e+02, 1.62601242e+02, 3.00585632e+02,
       1.63583008e+02, 3.18449829e+02, 1.65617996e+02, 3.38250153e+02,
       1.67565750e+02, 1.69695999e+02, 1.73773865e+02, 1.87650238e+02,
       1.75519196e+02, 2.06246613e+02, 1.76450409e+02, 2.24629074e+02,
       1.77462189e+02, 2.42449509e+02, 1.79296478e+02, 2.61387177e+02,
       1.79618973e+02, 2.80434387e+02, 1.81575302e+02, 2.98433655e+02,
       1.83210266e+02, 3.17998871e+02, 1.83913391e+02, 3.36547150e+02,
       1.85705353e+02, 1.68513535e+02, 1.93440826e+02, 1.86567734e+02,
       1.93696335e+02, 2.04532959e+02, 1.95602219e+02, 2.22456512e+02,
       1.96455551e+02, 2.41112686e+02, 1.97416306e+02, 2.60297150e+02,
       1.99641739e+02, 2.78457672e+02, 2.00409409e+02, 2.97614960e+02,
       2.01433945e+02, 3.16575439e+02, 2.03588882e+02, 3.34726624e+02,
       2.04987991e+02, 1.66485474e+02, 2.11566559e+02, 1.84480209e+02,
       2.13328552e+02, 2.02538651e+02, 2.13618484e+02, 2.20926407e+02,
       2.15657135e+02, 2.40388519e+02, 2.17248718e+02, 2.58459351e+02,
       2.17707352e+02, 2.76860077e+02, 2.19484695e+02, 2.96540466e+02,
       2.21361389e+02, 3.14516846e+02, 2.21687073e+02, 3.34410614e+02,
       2.23578568e+02, 1.65265259e+02, 2.30433807e+02, 1.83333694e+02,
       2.31396729e+02, 2.01820572e+02, 2.33595459e+02, 2.20454834e+02,
       2.34362381e+02, 2.38458679e+02, 2.35580170e+02, 2.56670868e+02,
       2.37581802e+02, 2.76442291e+02, 2.38481430e+02, 2.94447784e+02,
