%YAML:1.0
DEBUG: 1
BLUE_H_MIN: 85
BLUE_H_MAX: 124
BLUE_S_MIN: 43
BLUE_S_MAX: 255
BLUE_V_MIN: 0
BLUE_V_MAX: 255
RED_H_MIN: 156
RED_H_MAX: 179
RED_S_MIN: 43
RED_S_MAX: 255
RED_V_MIN: 0
RED_V_MAX: 255
YELLOW_H_MIN: 26
YELLOW_H_MAX: 34
YELLOW_S_MIN: 43
YELLOW_S_MAX: 255
YELLOW_V_MIN: 46
YELLOW_V_MAX: 255
GREEN_H_MIN: 35
GREEN_H_MAX: 77
GREEN_S_MIN: 43
GREEN_S_MAX: 255
GREEN_V_MIN: 46
GREEN_V_MAX: 255
FIELD: 0
RT01: !!opencv-matrix
   rows: 4
   cols: 4
   dt: f
   data: [0.99996048, 0.0087468913, -0.0016097437, -0.0081115328,
          -4.7348142e-10, 0.18099652, 0.98348373, -0.16784926,
          0.0088937851, -0.98344493, 0.18098937, 0.91200918,
          0, 0, 0, 1]
CIRCLE: !!opencv-matrix
   rows: 3
   cols: 6
   dt: f
   data: [0.6,1.5, 3.8,5, 0.5,2.3,
          1,1.5,   5.7,7.2, 0.5,2.3,
          -0.8,0.8, 5.5,6.5, 0.5,3.3]
BALL: !!opencv-matrix
   rows: 3
   cols: 6
   dt: f
   data: [-0.5,1.5, 0.8,6, 0.6,3,
          -0.5,2.5, 0.8,8, 0.6,3.5,
          -1.5,1.5, 0.8,8, 0.6,4.2]
OV2710_INTRINSIC: !!opencv-matrix
   rows: 3
   cols: 3
   dt: f
   data: [2.913949555529118e+02,0,0,
          0.249703033828407,      2.918644439977966e+02,    0,
          3.139312208326291e+02,  2.424113307214599e+02,    1]
OV2710_COEFFS: !!opencv-matrix
   rows: 1
   cols: 4
   dt: f
   data: [-0.224965668654656,    0.038536667147829,    8.150664191690574e-04,  -9.482220330654349e-04]
