%YAML:1.0
DEBUG: 1
BLUE_MIN_H: 85
BLUE_MAX_H: 124
BLUE_MIN_S: 43
BLUE_MAX_S: 255
BLUE_MIN_V: 0
BLUE_MAX_V: 255
RED_MIN_H: 156
RED_MAX_H: 179
RED_MIN_S: 43
RED_MAX_S: 255
RED_MIN_V: 0
RED_MAX_V: 255
YELLOW_MAX_H: 34
YELLOW_MIN_H: 26
YELLOW_MAX_S: 255
YELLOW_MIN_S: 43
YELLOW_MAX_V: 255
YELLOW_MIN_V: 46
GREEN_MIN_H: 35
GREEN_MAX_H: 77
GREEN_MIN_S: 43
GREEN_MAX_S: 255
GREEN_MIN_V: 46
GREEN_MAX_V: 255
FIELD: 0
RT01: !!opencv-matrix
   rows: 4
   cols: 4
   dt: f
   data: [0.99996048, 0.0087468913, -0.0016097437, -0.0081115328,  -4.7348142e-10, 0.18099652, 0.98348373, -0.16784926, 0.0088937851, -0.98344493, 0.18098937, 0.91200918, 0, 0, 0, 1]

XTION_RT01: !!opencv-matrix
  rows: 4
  cols: 4
  dt: f
  data: [0.99998516, -0.0050119325, -0.0021214464, 0.0014198824, 2.5282934e-10, -0.38979787, 0.92090046, 0.11042988, -0.0054424261, -0.92088675, -0.38979211, 0.26088756, 0, 0, 0, 1]


