%YAML:1.0
Time20180206-155047:
   ishit: 1
   delta: 2.3515586555004120e-01
   circle: [ 1.1421613693237305e+00, 6.3919258117675781e+00,
       2.4000000953674316e+00 ]
   ball  : [ 1.1804791688919067e+00, 6.3919258117675781e+00,
       2.1679871082305908e+00 ]
   points:
      - [ 7.1245938539505005e-01, 4.4060931205749512e+00,
          2.5420527458190918e+00 ]
      - [ 7.6635289192199707e-01, 4.6229958534240723e+00,
          2.5460736751556396e+00 ]
      - [ 8.7062656879425049e-01, 5.0632624626159668e+00,
          2.5175752639770508e+00 ]
      - [ 1.0163117647171021e+00, 5.6978788375854492e+00,
          2.4010901451110840e+00 ]
Time20180206-155054:
   ishit: 1
   delta: 2.1124839782714844e-01
   circle: [ 1.1435229778289795e+00, 6.3978047370910645e+00,
       2.4000000953674316e+00 ]
   ball  : [ 1.1793935298919678e+00, 6.3978047370910645e+00,
       2.1918194293975830e+00 ]
   points:
      - [ 2.7278125286102295e-01, 2.5082178115844727e+00,
          2.0894334316253662e+00 ]
      - [ 3.8826167583465576e-01, 3.0161049365997314e+00,
          2.2706148624420166e+00 ]
      - [ 4.9905040860176086e-01, 3.4896543025970459e+00,
          2.3994777202606201e+00 ]
      - [ 6.0321748256683350e-01, 3.9436786174774170e+00,
          2.4890141487121582e+00 ]
      - [ 7.1245938539505005e-01, 4.4060931205749512e+00,
          2.5420527458190918e+00 ]
      - [ 7.6347327232360840e-01, 4.6249866485595703e+00,
          2.5467085838317871e+00 ]
      - [ 8.7062656879425049e-01, 5.0632624626159668e+00,
          2.5175752639770508e+00 ]
      - [ 1.0163117647171021e+00, 5.6978788375854492e+00,
          2.4010901451110840e+00 ]
