%YAML:1.0
Time20180225-214254:
   ishit: 1
   delta: 2.1115151047706604e-01
   circle: [ 1.1434447765350342e+00, 6.3948173522949219e+00,
       2.4000000953674316e+00 ]
   ball  : [ 1.1754901409149170e+00, 6.3948173522949219e+00,
       2.1912944316864014e+00 ]
   points:
      - [ 2.7302232384681702e-01, 2.5081038475036621e+00,
          2.0895216464996338e+00 ]
      - [ 3.8826167583465576e-01, 3.0161049365997314e+00,
          2.2706148624420166e+00 ]
      - [ 4.9905040860176086e-01, 3.4896543025970459e+00,
          2.3994777202606201e+00 ]
      - [ 6.0321748256683350e-01, 3.9436786174774170e+00,
          2.4890141487121582e+00 ]
      - [ 7.1245938539505005e-01, 4.4060931205749512e+00,
          2.5420527458190918e+00 ]
      - [ 7.6347327232360840e-01, 4.6249866485595703e+00,
          2.5467085838317871e+00 ]
      - [ 8.7062656879425049e-01, 5.0632624626159668e+00,
          2.5175752639770508e+00 ]
      - [ 1.0107065439224243e+00, 5.6966257095336914e+00,
          2.4002418518066406e+00 ]
