%YAML:1.0
traces:
   time: "20180127-11:36:10"
   ishit: 1
   delta: 3.2302981615066528e-01
   circle: [ 1.1390146017074585e+00, 6.4239501953125000e+00,
       2.4000000953674316e+00 ]
   points:
      - [ 2.6799511909484863e-01, 2.5596830844879150e+00,
          1.9819345474243164e+00 ]
      - [ 3.8231021165847778e-01, 3.0707805156707764e+00,
          2.1526038646697998e+00 ]
      - [ 4.9358344078063965e-01, 3.5470201969146729e+00,
          2.2731637954711914e+00 ]
      - [ 5.9758365154266357e-01, 4.0027127265930176e+00,
          2.3540039062500000e+00 ]
      - [ 7.0676028728485107e-01, 4.4660701751708984e+00,
          2.3982026576995850e+00 ]
      - [ 7.5779986381530762e-01, 4.6850075721740723e+00,
          2.3986763954162598e+00 ]
      - [ 8.6510980129241943e-01, 5.1226096153259277e+00,
          2.3611903190612793e+00 ]
traces:
   time: "20180127-11:36:13"
   ishit: 1
   delta: 3.7900155782699585e-01
   circle: [ 1.1405980587005615e+00, 6.4286799430847168e+00,
       2.4000000953674316e+00 ]
   points:
      - [ 2.6799511909484863e-01, 2.5596830844879150e+00,
          1.9819345474243164e+00 ]
      - [ 3.8306614756584167e-01, 3.0710322856903076e+00,
          2.1533708572387695e+00 ]
      - [ 4.9358344078063965e-01, 3.5470201969146729e+00,
          2.2731637954711914e+00 ]
      - [ 5.9758365154266357e-01, 4.0027127265930176e+00,
          2.3540039062500000e+00 ]
      - [ 7.0676028728485107e-01, 4.4660701751708984e+00,
          2.3982026576995850e+00 ]
      - [ 7.5779986381530762e-01, 4.6850075721740723e+00,
          2.3986763954162598e+00 ]
      - [ 8.6510980129241943e-01, 5.1226096153259277e+00,
          2.3611903190612793e+00 ]
      - [ 1.0112261772155762e+00, 5.7547841072082520e+00,
          2.2325992584228516e+00 ]
traces:
   time: "20180127-11:36:17"
   ishit: 1
   delta: 3.7798511981964111e-01
   circle: [ 1.1393685340881348e+00, 6.4259872436523438e+00,
       2.4000000953674316e+00 ]
   points:
      - [ 2.6799511909484863e-01, 2.5596830844879150e+00,
          1.9819345474243164e+00 ]
      - [ 3.8306614756584167e-01, 3.0710322856903076e+00,
          2.1533708572387695e+00 ]
      - [ 4.9358344078063965e-01, 3.5470201969146729e+00,
          2.2731637954711914e+00 ]
      - [ 5.9758365154266357e-01, 4.0027127265930176e+00,
          2.3540039062500000e+00 ]
      - [ 7.0676028728485107e-01, 4.4660701751708984e+00,
          2.3982026576995850e+00 ]
      - [ 7.5779986381530762e-01, 4.6850075721740723e+00,
          2.3986763954162598e+00 ]
      - [ 8.6510980129241943e-01, 5.1226096153259277e+00,
          2.3611903190612793e+00 ]
      - [ 1.0112261772155762e+00, 5.7547841072082520e+00,
          2.2325992584228516e+00 ]
