%YAML:1.0
RT01: !!opencv-matrix
   rows: 4
   cols: 4
   dt: f
   data: [ 9.99978006e-01, 6.50135707e-03, -1.28649268e-03,
       -6.36353903e-03, 1.18672669e-10, 1.94116637e-01, 9.80978549e-01,
       -1.90001667e-01, 6.62742136e-03, -9.80956912e-01, 1.94112375e-01,
       9.60162163e-01, 0., 0., 0., 1. ]
